stop_id,stop_code,stop_name,stop_desc,stop_lat,stop_lon,stop_url,location_type,parent_station,stop_IBNR
241960,,WIELICZKA RYNEK-KOPALNIA,,49.985686,20.056641,,,,3363
80440,,WIELICZKA PARK,,49.9890933,20.0494485,,,,3323
242822,,WIELICZKA BOGUCICE,,49.9984505,20.0366077,,,,3364
79954,,KRAKÓW BIEŻANÓW DROŻDŻOWNIA,,50.0101025,20.0353932,,,,3123
79947,,KRAKÓW BIEŻANÓW,,50.0212218,20.0296782,,,,3124
79210,,KRAKÓW PROKOCIM,,50.0265037,19.9989288,,,,3135
79905,,KRAKÓW PŁASZÓW,,50.0349845,19.9750423,,,,86
79939,,KRAKÓW ZABŁOCIE,,50.0484386,19.956833,,,,3139
239140,,KRAKÓW GRZEGÓRZKI,,50.0575340858249,19.9479190782688,,,,6621
80416,,KRAKÓW GŁÓWNY,,50.0683947,19.9475035,,,,85
80374,,KRAKÓW ŁOBZÓW,,50.0819062,19.9172491,,,,3130
260937,,KRAKÓW BRONOWICE,,50.0828134,19.8919081,,,,3373
258462,,KRAKÓW MŁYNÓWKA,,50.0817813,19.8585219,,,,3365
258461,,KRAKÓW ZAKLIKI,,50.079771,19.849453,,,,3366
258463,,KRAKÓW OLSZANICA,,50.0764518,19.8254701,,,,3367
235879,,KRAKÓW LOTNISKO,,50.0708948,19.8014213,,,,3133
79467,,MIECHÓW,,50.3546514,20.0112144,,,,3173
79459,,KAMIEŃCZYCE,,50.3272584,20.0057885,,,,3105
79434,,SZCZEPANOWICE,,50.3010946,20.0246682,,,,3298
79426,,SMROKÓW,,50.2747111,20.0466248,,,,3280
79384,,SŁOMNIKI,,50.2483244,20.0640672,,,,3278
79376,,SŁOMNIKI MIASTO,,50.2358343,20.0763817,,,,3279
79368,,NIEDŹWIEDŹ,,50.2057717,20.08153,,,,3190
79350,,GOSZCZA,,50.1849737,20.0609405,,,,3080
79343,,ŁUCZYCE,,50.1626561,20.0744024,,,,3163
79335,,BARANÓWKA,,50.1467234,20.0953619,,,,3026
79327,,ZASTÓW,,50.121563,20.0648136,,,,3349
280603,,KRAKÓW PIASTÓW,,50.1069817,20.0141072,,,,6702
79236,,KRAKÓW BATOWICE,,50.1074617,19.9954911,,,,3122
77107,,OŚWIĘCIM,,50.0411342,19.1991955,,,,146
77461,,DWORY,,50.0455786,19.2854139,,,,4099
78139,,WŁOSIENICA,,50.0229022,19.3291674,,,,3331
78121,,PRZECISZÓW,,50.0132897,19.3696046,,,,3228
279915,,ZATOR PARK ROZRYWKI,,50.0053428,19.4063413,,,,6585
78113,,ZATOR,,50.002439,19.4280259,,,,3350
78006,,SPYTKOWICE,,49.9950725,19.4764965,,,,717
78089,,SPYTKOWICE KĘPKI,,49.9987488,19.5228164,,,,3282
78071,,RYCZÓW,,49.9893095,19.5399543,,,,3255
78063,,PÓŁWIEŚ,,49.9761216,19.5764597,,,,3227
78048,,BRZEŹNICA,,49.9673471,19.6289564,,,,3044
78030,,JAŚKOWICE,,49.9617745,19.6752134,,,,3095
78022,,WIELKIE DROGI,,49.9595323,19.7109099,,,,3324
80135,,ZELCZYNA,,49.9610742,19.7460175,,,,3351
80127,,PODBORY SKAWIŃSKIE,,49.9664369,19.7722936,,,,3220
80119,,SKAWINA ZACHODNIA,,49.9731614,19.7927902,,,,3275
80101,,SKAWINA,,49.97714,19.8218725,,,,3274
262832,,SKAWINA JAGIELNIA,,49.9812614,19.8414692,,,,6410
80051,,KRAKÓW SIDZINA,,49.9855704,19.874778,,,,3136
262833,,KRAKÓW OPATKOWICE,,49.9888151,19.8994277,,,,3374
80044,,KRAKÓW SWOSZOWICE,,50.0004047,19.9280566,,,,3137
258460,,KRAKÓW SANKTUARIUM,,50.0139308,19.9342838,,,,3128
80036,,KRAKÓW ŁAGIEWNIKI,,50.0236052,19.9338581,,,,3126
80002,,KRAKÓW BONARKA,,50.0291738,19.9459341,,,,3125
239138,,KRAKÓW PODGÓRZE,,50.041108,19.9592118,,,,3368
79483,,PSTROSZYCE,,50.3991993,20.008334,,,,3069
64626,,TUNEL,,50.434986,19.9919779,,,,2270
64337,,KOZŁÓW,,50.4746022,20.0119761,,,,712
64352,,KLIMONTÓW,,50.5257903,20.0303811,,,,2108
64303,,SĘDZISZÓW,,50.5651847,20.0531817,,,,2212
262870,,KRAKÓW ZŁOCIEŃ,,50.0181501,20.0506785,,,,6582
79541,,KOKOTÓW,,50.017803,20.069731,,,,3117
79533,,WĘGRZCE WIELKIE,,50.0187218,20.1070461,,,,3320
79525,,PODŁĘŻE,,50.0189935,20.1652093,,,,3222
79632,,STANIĄTKI,,50.0106285,20.2067327,,,,3283
79723,,SZARÓW,,50.0095569,20.2563546,,,,3296
79681,,KŁAJ,,50.001865,20.3004724,,,,3112
79640,,STANISŁAWICE,,49.9919667,20.3545637,,,,3284
79756,,CIKOWICE,,49.98485,20.3808066,,,,3055
79657,,BOCHNIA,,49.9773231,20.4312843,,,,9
79665,,RZEZAWA,,49.9847569,20.5150182,,,,3261
79673,,JASIEŃ BRZESKI,,49.9869935,20.5580594,,,,3093
79806,,BRZESKO OKOCIM,,49.9866536,20.6105301,,,,3043
79830,,STERKOWIEC,,49.9943067,20.6803932,,,,3285
79848,,BIADOLINY,,50.0037427,20.7342987,,,,3033
80663,,BOGUMIŁOWICE,,50.0075409,20.8698984,,,,3041
80671,,TARNÓW MOŚCICE,,50.0064549,20.9252097,,,,3304
80630,,TARNÓW,,50.0052905,20.9744678,,,,220
81901,,NOWY SĄCZ,,49.6067228,20.7030718,,,,134
265357,,NOWY SĄCZ GORZKÓW,,49.5987060456719,20.7231368508392,,,,6665
82149,,NOWY SĄCZ JAMNICA,,49.586802,20.7442048,,,,3201
82131,,KAMIONKA WIELKA,,49.577996,20.7811239,,,,3106
81737,,MSZALNICA,,49.5929045,20.8286845,,,,3183
81687,,PTASZKOWA,,49.6033188,20.8817263,,,,3236
81679,,GRYBÓW,,49.6265381,20.9578755,,,,3085
81604,,STRÓŻE,,49.6541861,20.9767003,,,,195
81141,,WILCZYSKA,,49.6762717,20.9423269,,,,3327
81133,,JANKOWA,,49.6958068,20.934164,,,,3091
81125,,BOBOWA-MIASTO,,49.7078683,20.9385381,,,,3037
81091,,BOBOWA,,49.7165549,20.9575221,,,,3036
81083,,PŁAWNA,,49.7545594,20.950599,,,,3218
81067,,BOGONIOWICE CIĘŻKOWICE,,49.7983125,20.9765893,,,,3039
81059,,GROMNIK,,49.8341138,20.9611297,,,,3084
81042,,CHOJNIK,,49.8512942,20.9842001,,,,3051
81034,,SIEDLISKA KOŁO TUCHOWA,,49.8602394,21.018747,,,,3267
81026,,LUBASZOWA,,49.8647155,21.0359413,,,,3157
80986,,TUCHÓW,,49.8920076,21.0568675,,,,3309
80978,,ŁOWCZÓW,,49.9125119,21.0040118,,,,3162
80952,,ŁOWCZÓWEK PLEŚNA,,49.9282996,20.9496368,,,,3217
178473,,KŁOKOWA,,49.9533037,20.9572747,,,,3113
77123,,GORZÓW CHRZANOWSKI,,50.0736961,19.2421176,,,,4111
77958,,CHEŁMEK,,50.0991207,19.2540829,,,,3049
77909,,LIBIĄŻ,,50.1127879,19.3275956,,,,3153
77800,,CHRZANÓW,,50.133418,19.3984948,,,,704
77834,,CHRZANÓW ŚRÓDMIEŚCIE,,50.1443979,19.414047,,,,3054
77503,,TRZEBINIA,,50.1539774,19.4528744,,,,228
77578,,DULOWA,,50.1404854,19.5206471,,,,3068
77586,,WOLA FILIPOWSKA,,50.130823,19.5773468,,,,3334
77701,,KRZESZOWICE,,50.1308093,19.6368484,,,,3145
280602,,PISARY,,50.1287,19.682099,,,,6705
77735,,RUDAWA,,50.1188406,19.71932,,,,3253
80390,,ZABIERZÓW,,50.1177415,19.7994021,,,,3341
236232,,ZABIERZÓW RZĄSKA,,50.1056322,19.8236209,,,,3134
80358,,KRAKÓW MYDLNIKI WAPIENNIK,,50.0912014,19.8444987,,,,3132
80333,,KRAKÓW MYDLNIKI,,50.0833871,19.8623974,,,,3131
79251,,KRAKÓW LUBOCZA,,50.090594,20.0745996,,,,3129
178406,,KRAKÓW NOWA HUTA,,50.0902487,20.1286921,,,,3372
280605,,KRAKÓW KOŚCIELNIKI,,50.0898467,20.1689972,,,,6703
280604,,KRAKÓW PRZYLASEK,,50.0549239,20.1651281,,,,6704
82487,,KRYNICA-ZDRÓJ,,49.4096966,20.9571875,,,,89
82446,,MUSZYNA ZDRÓJ,,49.3578796,20.8962887,,,,3188
82404,,MUSZYNA,,49.346523,20.894138,,,,128
82552,,ŻEGIESTÓW-ZDRÓJ,,49.3629494,20.8032539,,,,271
82586,,ŁOMNICA-ZDRÓJ,,49.4198943,20.7247758,,,,3160
82099,,PIWNICZNA-ZDRÓJ,,49.4407397,20.7173547,,,,3216
82073,,RYTRO,,49.486527,20.6802103,,,,3256
82032,,STARY SĄCZ,,49.5589896,20.6433506,,,,194
81638,,POLNA,,49.6752308,20.9945922,,,,3224
81646,,SZALOWA,,49.6792463,21.0236964,,,,3295
81653,,WOLA ŁUŻAŃSKA,,49.6940348,21.0609696,,,,3335
81661,,MOSZCZENICA MAŁOPOLSKA,,49.6970691,21.1221303,,,,3182
81703,,GORLICE ZAGÓRZANY,,49.6939107,21.1949987,,,,3079
81828,,LIBUSZA,,49.7119287,21.2410388,,,,3154
81786,,BIECZ,,49.7325356,21.2629707,,,,3035
81836,,SIEPIETNICA,,49.7544442,21.2967069,,,,3270
81844,,SKOŁYSZYN,,49.7451627,21.3391667,,,,3276
83337,,PRZYSIEKI,,49.7328005,21.3944492,,,,3234
83352,,JASŁO NIEGŁOWICE,,49.7263108,21.4518358,,,,3094
83410,,JASŁO,,49.7377605,21.4709081,,,,58
79020,,ZAKOPANE,,49.3007808,19.9630046,,,,253
78980,,PORONIN,,49.3439876,20.0035752,,,,3225
78907,,NOWY TARG,,49.473443,20.0152662,,,,135
265251,,CHABÓWKA STADION,,49.5899752684799,19.9205027526438,,,,6653
78535,,MAKÓW PODHALAŃSKI,,49.7266611,19.6785066,,,,3166
258708,,SUCHA BESKIDZKA ZAMEK,,49.7437754,19.6033392,,,,3392
78345,,KALWARIA ZEBRZYDOWSKA LANCKORONA,,49.87115,19.688654,,,,709
179275,,PLAVEC,,49.26934,20.85102,,,,14390
81778,,GORLICE GLINIK,,49.6717869,21.1729972,,,,3078
81760,,GORLICE,,49.6643754,21.1629729,,,,3077
